 r=   4.90000010     mh=   1.89999998     m
 area=   209.355743     m**2volumen=   143.316315     m**3
